execute if block ~ ~ ~ minecraft:grindstone[facing=north] run data modify storage retina:data Surfaces set value {Top:[[24,192,72,48,192,120],[24,108,60,48,108,132],[144,192,72,168,192,120],[144,108,60,168,108,132],[48,144,24,144,144,168]],Bottom:[[24,108,72,48,108,120],[24,36,60,48,36,132],[144,108,72,168,108,120],[144,36,60,168,36,132],[48,0,24,144,0,168]],West:[[24,192,72,24,192,120],[24,108,60,24,108,132],[144,192,72,144,192,120],[144,108,60,144,108,132],[48,144,24,48,144,168]],East:[[48,192,72,48,192,120],[48,108,60,48,108,132],[168,192,72,168,192,120],[168,108,60,168,108,132],[144,144,24,144,144,168]],North:[[24,108,72,48,192,72],[24,36,60,48,108,60],[144,108,72,168,192,72],[144,36,60,168,108,60],[48,0,24,144,144,24]],South:[[24,108,120,48,192,120],[24,36,132,48,108,132],[144,108,120,168,192,120],[144,36,132,168,108,132],[48,0,168,144,144,168]]}
execute if block ~ ~ ~ minecraft:grindstone[facing=south] run data modify storage retina:data Surfaces set value {Top:[[24,192,72,48,192,120],[24,108,60,48,108,132],[144,192,72,168,192,120],[144,108,60,168,108,132],[48,144,24,144,144,168]],Bottom:[[24,108,72,48,108,120],[24,36,60,48,36,132],[144,108,72,168,108,120],[144,36,60,168,36,132],[48,0,24,144,0,168]],West:[[24,192,72,24,192,120],[24,108,60,24,108,132],[144,192,72,144,192,120],[144,108,60,144,108,132],[48,144,24,48,144,168]],East:[[48,192,72,48,192,120],[48,108,60,48,108,132],[168,192,72,168,192,120],[168,108,60,168,108,132],[144,144,24,144,144,168]],North:[[24,108,72,48,192,72],[24,36,60,48,108,60],[144,108,72,168,192,72],[144,36,60,168,108,60],[48,0,24,144,144,24]],South:[[24,108,120,48,192,120],[24,36,132,48,108,132],[144,108,120,168,192,120],[144,36,132,168,108,132],[48,0,168,144,144,168]]}
execute if block ~ ~ ~ minecraft:grindstone[facing=west] run data modify storage retina:data Surfaces set value {Top:[[72,192,24,120,192,48],[60,108,24,132,108,48],[72,192,144,120,192,168],[60,108,144,132,108,168],[24,144,48,168,144,144]],Bottom:[[72,108,24,120,108,48],[60,36,24,132,36,48],[72,108,144,120,108,168],[60,36,144,132,36,168],[24,0,48,168,0,144]],West:[[72,192,24,72,192,48],[60,108,24,60,108,48],[72,192,144,72,192,168],[60,108,144,60,108,168],[24,144,48,24,144,144]],East:[[120,192,24,120,192,48],[132,108,24,132,108,48],[120,192,144,120,192,168],[132,108,144,132,108,168],[168,144,48,168,144,144]],North:[[72,108,24,120,192,24],[60,36,24,132,108,24],[72,108,144,120,192,144],[60,36,144,132,108,144],[24,0,48,168,144,48]],South:[[72,108,48,120,192,48],[60,36,48,132,108,48],[72,108,168,120,192,168],[60,36,168,132,108,168],[24,0,144,168,144,144]]}
execute if block ~ ~ ~ minecraft:grindstone[facing=east] run data modify storage retina:data Surfaces set value {Top:[[72,192,24,120,192,48],[60,108,24,132,108,48],[72,192,144,120,192,168],[60,108,144,132,108,168],[24,144,48,168,144,144]],Bottom:[[72,108,24,120,108,48],[60,36,24,132,36,48],[72,108,144,120,108,168],[60,36,144,132,36,168],[24,0,48,168,0,144]],West:[[72,192,24,72,192,48],[60,108,24,60,108,48],[72,192,144,72,192,168],[60,108,144,60,108,168],[24,144,48,24,144,144]],East:[[120,192,24,120,192,48],[132,108,24,132,108,48],[120,192,144,120,192,168],[132,108,144,132,108,168],[168,144,48,168,144,144]],North:[[72,108,24,120,192,24],[60,36,24,132,108,24],[72,108,144,120,192,144],[60,36,144,132,108,144],[24,0,48,168,144,48]],South:[[72,108,48,120,192,48],[60,36,48,132,108,48],[72,108,168,120,192,168],[60,36,168,132,108,168],[24,0,144,168,144,144]]}