execute if block ~ ~ ~ minecraft:grindstone[facing=north] run data modify storage retina:data Surfaces set value {Top:[[60,480,180,120,480,300],[60,270,150,120,270,330],[360,480,180,420,480,300],[360,270,150,420,270,330],[120,360,60,360,360,420]],Bottom:[[60,270,180,120,270,300],[60,90,150,120,90,330],[360,270,180,420,270,300],[360,90,150,420,90,330],[120,0,60,360,0,420]],West:[[60,480,180,60,480,300],[60,270,150,60,270,330],[360,480,180,360,480,300],[360,270,150,360,270,330],[120,360,60,120,360,420]],East:[[120,480,180,120,480,300],[120,270,150,120,270,330],[420,480,180,420,480,300],[420,270,150,420,270,330],[360,360,60,360,360,420]],North:[[60,270,180,120,480,180],[60,90,150,120,270,150],[360,270,180,420,480,180],[360,90,150,420,270,150],[120,0,60,360,360,60]],South:[[60,270,300,120,480,300],[60,90,330,120,270,330],[360,270,300,420,480,300],[360,90,330,420,270,330],[120,0,420,360,360,420]]}
execute if block ~ ~ ~ minecraft:grindstone[facing=south] run data modify storage retina:data Surfaces set value {Top:[[60,480,180,120,480,300],[60,270,150,120,270,330],[360,480,180,420,480,300],[360,270,150,420,270,330],[120,360,60,360,360,420]],Bottom:[[60,270,180,120,270,300],[60,90,150,120,90,330],[360,270,180,420,270,300],[360,90,150,420,90,330],[120,0,60,360,0,420]],West:[[60,480,180,60,480,300],[60,270,150,60,270,330],[360,480,180,360,480,300],[360,270,150,360,270,330],[120,360,60,120,360,420]],East:[[120,480,180,120,480,300],[120,270,150,120,270,330],[420,480,180,420,480,300],[420,270,150,420,270,330],[360,360,60,360,360,420]],North:[[60,270,180,120,480,180],[60,90,150,120,270,150],[360,270,180,420,480,180],[360,90,150,420,270,150],[120,0,60,360,360,60]],South:[[60,270,300,120,480,300],[60,90,330,120,270,330],[360,270,300,420,480,300],[360,90,330,420,270,330],[120,0,420,360,360,420]]}
execute if block ~ ~ ~ minecraft:grindstone[facing=west] run data modify storage retina:data Surfaces set value {Top:[[180,480,60,300,480,120],[150,270,60,330,270,120],[180,480,360,300,480,420],[150,270,360,330,270,420],[60,360,120,420,360,360]],Bottom:[[180,270,60,300,270,120],[150,90,60,330,90,120],[180,270,360,300,270,420],[150,90,360,330,90,420],[60,0,120,420,0,360]],West:[[180,480,60,180,480,120],[150,270,60,150,270,120],[180,480,360,180,480,420],[150,270,360,150,270,420],[60,360,120,60,360,360]],East:[[300,480,60,300,480,120],[330,270,60,330,270,120],[300,480,360,300,480,420],[330,270,360,330,270,420],[420,360,120,420,360,360]],North:[[180,270,60,300,480,60],[150,90,60,330,270,60],[180,270,360,300,480,360],[150,90,360,330,270,360],[60,0,120,420,360,120]],South:[[180,270,120,300,480,120],[150,90,120,330,270,120],[180,270,420,300,480,420],[150,90,420,330,270,420],[60,0,360,420,360,360]]}
execute if block ~ ~ ~ minecraft:grindstone[facing=east] run data modify storage retina:data Surfaces set value {Top:[[180,480,60,300,480,120],[150,270,60,330,270,120],[180,480,360,300,480,420],[150,270,360,330,270,420],[60,360,120,420,360,360]],Bottom:[[180,270,60,300,270,120],[150,90,60,330,90,120],[180,270,360,300,270,420],[150,90,360,330,90,420],[60,0,120,420,0,360]],West:[[180,480,60,180,480,120],[150,270,60,150,270,120],[180,480,360,180,480,420],[150,270,360,150,270,420],[60,360,120,60,360,360]],East:[[300,480,60,300,480,120],[330,270,60,330,270,120],[300,480,360,300,480,420],[330,270,360,330,270,420],[420,360,120,420,360,360]],North:[[180,270,60,300,480,60],[150,90,60,330,270,60],[180,270,360,300,480,360],[150,90,360,330,270,360],[60,0,120,420,360,120]],South:[[180,270,120,300,480,120],[150,90,120,330,270,120],[180,270,420,300,480,420],[150,90,420,330,270,420],[60,0,360,420,360,360]]}