data modify storage retina:data Surfaces set value {Top:[[24,48,24,168,48,168]],Bottom:[[24,0,24,168,0,168]],West:[[24,0,24,24,48,168]],East:[[168,0,24,168,48,168]],North:[[24,0,24,168,48,24]],South:[[24,0,168,168,48,168]]}
execute unless block ~ ~ ~ #minecraft:anvil[facing=north] unless block ~ ~ ~ #minecraft:anvil[facing=south] run data modify storage retina:data NewSurfaces.Top set value [[36,60,48,156,60,144],[48,120,72,144,120,120],[0,192,36,192,192,156]]
execute unless block ~ ~ ~ #minecraft:anvil[facing=north] unless block ~ ~ ~ #minecraft:anvil[facing=south] run data modify storage retina:data NewSurfaces.Bottom set value [[36,48,48,156,48,144],[48,60,72,144,60,120],[0,120,36,192,120,156]]
execute unless block ~ ~ ~ #minecraft:anvil[facing=north] unless block ~ ~ ~ #minecraft:anvil[facing=south] run data modify storage retina:data NewSurfaces.West set value [[36,48,48,36,60,144],[48,60,72,48,120,120],[0,120,36,0,192,156]]
execute unless block ~ ~ ~ #minecraft:anvil[facing=north] unless block ~ ~ ~ #minecraft:anvil[facing=south] run data modify storage retina:data NewSurfaces.East set value [[156,48,48,156,60,144],[144,60,72,144,120,120],[192,120,36,192,192,156]]
execute unless block ~ ~ ~ #minecraft:anvil[facing=north] unless block ~ ~ ~ #minecraft:anvil[facing=south] run data modify storage retina:data NewSurfaces.North set value [[36,48,48,156,60,48],[48,60,72,144,120,72],[0,120,36,192,192,36]]
execute unless block ~ ~ ~ #minecraft:anvil[facing=north] unless block ~ ~ ~ #minecraft:anvil[facing=south] run data modify storage retina:data NewSurfaces.South set value [[36,48,144,156,60,144],[48,60,120,144,120,120],[0,120,156,192,192,156]]
execute unless block ~ ~ ~ #minecraft:anvil[facing=east] unless block ~ ~ ~ #minecraft:anvil[facing=west] run data modify storage retina:data NewSurfaces.Top set value [[48,60,36,144,60,156],[72,120,48,120,120,144],[36,192,0,156,192,192]]
execute unless block ~ ~ ~ #minecraft:anvil[facing=east] unless block ~ ~ ~ #minecraft:anvil[facing=west] run data modify storage retina:data NewSurfaces.Bottom set value [[48,48,36,144,48,156],[72,60,48,120,60,144],[36,120,0,156,120,192]]
execute unless block ~ ~ ~ #minecraft:anvil[facing=east] unless block ~ ~ ~ #minecraft:anvil[facing=west] run data modify storage retina:data NewSurfaces.West set value [[48,48,36,48,60,156],[72,60,48,72,120,144],[36,120,0,36,192,192]]
execute unless block ~ ~ ~ #minecraft:anvil[facing=east] unless block ~ ~ ~ #minecraft:anvil[facing=west] run data modify storage retina:data NewSurfaces.East set value [[144,48,36,144,60,156],[120,60,48,120,120,144],[156,120,0,156,192,192]]
execute unless block ~ ~ ~ #minecraft:anvil[facing=east] unless block ~ ~ ~ #minecraft:anvil[facing=west] run data modify storage retina:data NewSurfaces.North set value [[48,48,36,144,60,36],[72,60,48,120,120,48],[36,120,0,156,192,0]]
execute unless block ~ ~ ~ #minecraft:anvil[facing=east] unless block ~ ~ ~ #minecraft:anvil[facing=west] run data modify storage retina:data NewSurfaces.South set value [[48,48,156,144,60,156],[72,60,144,120,120,144],[36,120,192,156,192,192]]
data modify storage retina:data Surfaces.Top append from storage retina:data NewSurfaces.Top[]
data modify storage retina:data Surfaces.Bottom append from storage retina:data NewSurfaces.Bottom[]
data modify storage retina:data Surfaces.West append from storage retina:data NewSurfaces.West[]
data modify storage retina:data Surfaces.East append from storage retina:data NewSurfaces.East[]
data modify storage retina:data Surfaces.North append from storage retina:data NewSurfaces.North[]
data modify storage retina:data Surfaces.South append from storage retina:data NewSurfaces.South[]