data modify storage retina:data Surfaces set value {Top:[[128,256,128,896,256,896]],Bottom:[[128,0,128,896,0,896]],West:[[128,0,128,128,256,896]],East:[[896,0,128,896,256,896]],North:[[128,0,128,896,256,128]],South:[[128,0,896,896,256,896]]}
execute unless block ~ ~ ~ #minecraft:anvil[facing=north] unless block ~ ~ ~ #minecraft:anvil[facing=south] run data modify storage retina:data NewSurfaces.Top set value [[192,320,256,832,320,768],[256,640,384,768,640,640],[0,1024,192,1024,1024,832]]
execute unless block ~ ~ ~ #minecraft:anvil[facing=north] unless block ~ ~ ~ #minecraft:anvil[facing=south] run data modify storage retina:data NewSurfaces.Bottom set value [[192,256,256,832,256,768],[256,320,384,768,320,640],[0,640,192,1024,640,832]]
execute unless block ~ ~ ~ #minecraft:anvil[facing=north] unless block ~ ~ ~ #minecraft:anvil[facing=south] run data modify storage retina:data NewSurfaces.West set value [[192,256,256,192,320,768],[256,320,384,256,640,640],[0,640,192,0,1024,832]]
execute unless block ~ ~ ~ #minecraft:anvil[facing=north] unless block ~ ~ ~ #minecraft:anvil[facing=south] run data modify storage retina:data NewSurfaces.East set value [[832,256,256,832,320,768],[768,320,384,768,640,640],[1024,640,192,1024,1024,832]]
execute unless block ~ ~ ~ #minecraft:anvil[facing=north] unless block ~ ~ ~ #minecraft:anvil[facing=south] run data modify storage retina:data NewSurfaces.North set value [[192,256,256,832,320,256],[256,320,384,768,640,384],[0,640,192,1024,1024,192]]
execute unless block ~ ~ ~ #minecraft:anvil[facing=north] unless block ~ ~ ~ #minecraft:anvil[facing=south] run data modify storage retina:data NewSurfaces.South set value [[192,256,768,832,320,768],[256,320,640,768,640,640],[0,640,832,1024,1024,832]]
execute unless block ~ ~ ~ #minecraft:anvil[facing=east] unless block ~ ~ ~ #minecraft:anvil[facing=west] run data modify storage retina:data NewSurfaces.Top set value [[256,320,192,768,320,832],[384,640,256,640,640,768],[192,1024,0,832,1024,1024]]
execute unless block ~ ~ ~ #minecraft:anvil[facing=east] unless block ~ ~ ~ #minecraft:anvil[facing=west] run data modify storage retina:data NewSurfaces.Bottom set value [[256,256,192,768,256,832],[384,320,256,640,320,768],[192,640,0,832,640,1024]]
execute unless block ~ ~ ~ #minecraft:anvil[facing=east] unless block ~ ~ ~ #minecraft:anvil[facing=west] run data modify storage retina:data NewSurfaces.West set value [[256,256,192,256,320,832],[384,320,256,384,640,768],[192,640,0,192,1024,1024]]
execute unless block ~ ~ ~ #minecraft:anvil[facing=east] unless block ~ ~ ~ #minecraft:anvil[facing=west] run data modify storage retina:data NewSurfaces.East set value [[768,256,192,768,320,832],[640,320,256,640,640,768],[832,640,0,832,1024,1024]]
execute unless block ~ ~ ~ #minecraft:anvil[facing=east] unless block ~ ~ ~ #minecraft:anvil[facing=west] run data modify storage retina:data NewSurfaces.North set value [[256,256,192,768,320,192],[384,320,256,640,640,256],[192,640,0,832,1024,0]]
execute unless block ~ ~ ~ #minecraft:anvil[facing=east] unless block ~ ~ ~ #minecraft:anvil[facing=west] run data modify storage retina:data NewSurfaces.South set value [[256,256,832,768,320,832],[384,320,768,640,640,768],[192,640,1024,832,1024,1024]]
data modify storage retina:data Surfaces.Top append from storage retina:data NewSurfaces.Top[]
data modify storage retina:data Surfaces.Bottom append from storage retina:data NewSurfaces.Bottom[]
data modify storage retina:data Surfaces.West append from storage retina:data NewSurfaces.West[]
data modify storage retina:data Surfaces.East append from storage retina:data NewSurfaces.East[]
data modify storage retina:data Surfaces.North append from storage retina:data NewSurfaces.North[]
data modify storage retina:data Surfaces.South append from storage retina:data NewSurfaces.South[]