execute if block ~ ~ ~ minecraft:grindstone[face=ceiling] run function retina:__private__/if_else/7
execute if block ~ ~ ~ minecraft:grindstone[face=ceiling] run return 1
execute if block ~ ~ ~ minecraft:grindstone[face=wall] run function retina:__private__/if_else/8
execute if block ~ ~ ~ minecraft:grindstone[face=wall] run return 1
execute if block ~ ~ ~ minecraft:grindstone[facing=north] run data modify storage retina:data Surfaces set value {Top:[[24,84,72,48,84,120],[24,156,60,48,156,132],[144,84,72,168,84,120],[144,156,60,168,156,132],[48,192,24,144,192,168]],Bottom:[[24,0,72,48,0,120],[24,84,60,48,84,132],[144,0,72,168,0,120],[144,84,60,168,84,132],[48,48,24,144,48,168]],West:[[24,84,72,24,84,120],[24,156,60,24,156,132],[144,84,72,144,84,120],[144,156,60,144,156,132],[48,192,24,48,192,168]],East:[[48,84,72,48,84,120],[48,156,60,48,156,132],[168,84,72,168,84,120],[168,156,60,168,156,132],[144,192,24,144,192,168]],North:[[24,0,72,48,84,72],[24,84,60,48,156,60],[144,0,72,168,84,72],[144,84,60,168,156,60],[48,48,24,144,192,24]],South:[[24,0,120,48,84,120],[24,84,132,48,156,132],[144,0,120,168,84,120],[144,84,132,168,156,132],[48,48,168,144,192,168]]}
execute if block ~ ~ ~ minecraft:grindstone[facing=south] run data modify storage retina:data Surfaces set value {Top:[[24,84,72,48,84,120],[24,156,60,48,156,132],[144,84,72,168,84,120],[144,156,60,168,156,132],[48,192,24,144,192,168]],Bottom:[[24,0,72,48,0,120],[24,84,60,48,84,132],[144,0,72,168,0,120],[144,84,60,168,84,132],[48,48,24,144,48,168]],West:[[24,84,72,24,84,120],[24,156,60,24,156,132],[144,84,72,144,84,120],[144,156,60,144,156,132],[48,192,24,48,192,168]],East:[[48,84,72,48,84,120],[48,156,60,48,156,132],[168,84,72,168,84,120],[168,156,60,168,156,132],[144,192,24,144,192,168]],North:[[24,0,72,48,84,72],[24,84,60,48,156,60],[144,0,72,168,84,72],[144,84,60,168,156,60],[48,48,24,144,192,24]],South:[[24,0,120,48,84,120],[24,84,132,48,156,132],[144,0,120,168,84,120],[144,84,132,168,156,132],[48,48,168,144,192,168]]}
execute if block ~ ~ ~ minecraft:grindstone[facing=west] run data modify storage retina:data Surfaces set value {Top:[[72,84,24,120,84,48],[60,156,24,132,156,48],[72,84,144,120,84,168],[60,156,144,132,156,168],[24,192,48,168,192,144]],Bottom:[[72,0,24,120,0,48],[60,84,24,132,84,48],[72,0,144,120,0,168],[60,84,144,132,84,168],[24,48,48,168,48,144]],West:[[72,84,24,72,84,48],[60,156,24,60,156,48],[72,84,144,72,84,168],[60,156,144,60,156,168],[24,192,48,24,192,144]],East:[[120,84,24,120,84,48],[132,156,24,132,156,48],[120,84,144,120,84,168],[132,156,144,132,156,168],[168,192,48,168,192,144]],North:[[72,0,24,120,84,24],[60,84,24,132,156,24],[72,0,144,120,84,144],[60,84,144,132,156,144],[24,48,48,168,192,48]],South:[[72,0,48,120,84,48],[60,84,48,132,156,48],[72,0,168,120,84,168],[60,84,168,132,156,168],[24,48,144,168,192,144]]}
execute if block ~ ~ ~ minecraft:grindstone[facing=east] run data modify storage retina:data Surfaces set value {Top:[[72,84,24,120,84,48],[60,156,24,132,156,48],[72,84,144,120,84,168],[60,156,144,132,156,168],[24,192,48,168,192,144]],Bottom:[[72,0,24,120,0,48],[60,84,24,132,84,48],[72,0,144,120,0,168],[60,84,144,132,84,168],[24,48,48,168,48,144]],West:[[72,84,24,72,84,48],[60,156,24,60,156,48],[72,84,144,72,84,168],[60,156,144,60,156,168],[24,192,48,24,192,144]],East:[[120,84,24,120,84,48],[132,156,24,132,156,48],[120,84,144,120,84,168],[132,156,144,132,156,168],[168,192,48,168,192,144]],North:[[72,0,24,120,84,24],[60,84,24,132,156,24],[72,0,144,120,84,144],[60,84,144,132,156,144],[24,48,48,168,192,48]],South:[[72,0,48,120,84,48],[60,84,48,132,156,48],[72,0,168,120,84,168],[60,84,168,132,156,168],[24,48,144,168,192,144]]}