data modify storage retina:data Surfaces set value {Top:[[0.125,0.25,0.125,0.875,0.25,0.875]],Bottom:[[0.125,0.0,0.125,0.875,0.0,0.875]],West:[[0.125,0.0,0.125,0.125,0.25,0.875]],East:[[0.875,0.0,0.125,0.875,0.25,0.875]],North:[[0.125,0.0,0.125,0.875,0.25,0.125]],South:[[0.125,0.0,0.875,0.875,0.25,0.875]]}
execute unless block ~ ~ ~ #minecraft:anvil[facing=north] unless block ~ ~ ~ #minecraft:anvil[facing=south] run data modify storage retina:data NewSurfaces.Top set value [[0.1875,0.3125,0.25,0.8125,0.3125,0.75],[0.25,0.625,0.375,0.75,0.625,0.625],[0.0,1.0,0.1875,1.0,1.0,0.8125]]
execute unless block ~ ~ ~ #minecraft:anvil[facing=north] unless block ~ ~ ~ #minecraft:anvil[facing=south] run data modify storage retina:data NewSurfaces.Bottom set value [[0.1875,0.25,0.25,0.8125,0.25,0.75],[0.25,0.3125,0.375,0.75,0.3125,0.625],[0.0,0.625,0.1875,1.0,0.625,0.8125]]
execute unless block ~ ~ ~ #minecraft:anvil[facing=north] unless block ~ ~ ~ #minecraft:anvil[facing=south] run data modify storage retina:data NewSurfaces.West set value [[0.1875,0.25,0.25,0.1875,0.3125,0.75],[0.25,0.3125,0.375,0.25,0.625,0.625],[0.0,0.625,0.1875,0.0,1.0,0.8125]]
execute unless block ~ ~ ~ #minecraft:anvil[facing=north] unless block ~ ~ ~ #minecraft:anvil[facing=south] run data modify storage retina:data NewSurfaces.East set value [[0.8125,0.25,0.25,0.8125,0.3125,0.75],[0.75,0.3125,0.375,0.75,0.625,0.625],[1.0,0.625,0.1875,1.0,1.0,0.8125]]
execute unless block ~ ~ ~ #minecraft:anvil[facing=north] unless block ~ ~ ~ #minecraft:anvil[facing=south] run data modify storage retina:data NewSurfaces.North set value [[0.1875,0.25,0.25,0.8125,0.3125,0.25],[0.25,0.3125,0.375,0.75,0.625,0.375],[0.0,0.625,0.1875,1.0,1.0,0.1875]]
execute unless block ~ ~ ~ #minecraft:anvil[facing=north] unless block ~ ~ ~ #minecraft:anvil[facing=south] run data modify storage retina:data NewSurfaces.South set value [[0.1875,0.25,0.75,0.8125,0.3125,0.75],[0.25,0.3125,0.625,0.75,0.625,0.625],[0.0,0.625,0.8125,1.0,1.0,0.8125]]
execute unless block ~ ~ ~ #minecraft:anvil[facing=east] unless block ~ ~ ~ #minecraft:anvil[facing=west] run data modify storage retina:data NewSurfaces.Top set value [[0.25,0.3125,0.1875,0.75,0.3125,0.8125],[0.375,0.625,0.25,0.625,0.625,0.75],[0.1875,1.0,0.0,0.8125,1.0,1.0]]
execute unless block ~ ~ ~ #minecraft:anvil[facing=east] unless block ~ ~ ~ #minecraft:anvil[facing=west] run data modify storage retina:data NewSurfaces.Bottom set value [[0.25,0.25,0.1875,0.75,0.25,0.8125],[0.375,0.3125,0.25,0.625,0.3125,0.75],[0.1875,0.625,0.0,0.8125,0.625,1.0]]
execute unless block ~ ~ ~ #minecraft:anvil[facing=east] unless block ~ ~ ~ #minecraft:anvil[facing=west] run data modify storage retina:data NewSurfaces.West set value [[0.25,0.25,0.1875,0.25,0.3125,0.8125],[0.375,0.3125,0.25,0.375,0.625,0.75],[0.1875,0.625,0.0,0.1875,1.0,1.0]]
execute unless block ~ ~ ~ #minecraft:anvil[facing=east] unless block ~ ~ ~ #minecraft:anvil[facing=west] run data modify storage retina:data NewSurfaces.East set value [[0.75,0.25,0.1875,0.75,0.3125,0.8125],[0.625,0.3125,0.25,0.625,0.625,0.75],[0.8125,0.625,0.0,0.8125,1.0,1.0]]
execute unless block ~ ~ ~ #minecraft:anvil[facing=east] unless block ~ ~ ~ #minecraft:anvil[facing=west] run data modify storage retina:data NewSurfaces.North set value [[0.25,0.25,0.1875,0.75,0.3125,0.1875],[0.375,0.3125,0.25,0.625,0.625,0.25],[0.1875,0.625,0.0,0.8125,1.0,0.0]]
execute unless block ~ ~ ~ #minecraft:anvil[facing=east] unless block ~ ~ ~ #minecraft:anvil[facing=west] run data modify storage retina:data NewSurfaces.South set value [[0.25,0.25,0.8125,0.75,0.3125,0.8125],[0.375,0.3125,0.75,0.625,0.625,0.75],[0.1875,0.625,1.0,0.8125,1.0,1.0]]
data modify storage retina:data Surfaces.Top append from storage retina:data NewSurfaces.Top[]
data modify storage retina:data Surfaces.Bottom append from storage retina:data NewSurfaces.Bottom[]
data modify storage retina:data Surfaces.West append from storage retina:data NewSurfaces.West[]
data modify storage retina:data Surfaces.East append from storage retina:data NewSurfaces.East[]
data modify storage retina:data Surfaces.North append from storage retina:data NewSurfaces.North[]
data modify storage retina:data Surfaces.South append from storage retina:data NewSurfaces.South[]