execute if block ~ ~ ~ minecraft:grindstone[face=ceiling] run function retina:__private__/if_else/13
execute if block ~ ~ ~ minecraft:grindstone[face=ceiling] run return 1
execute if block ~ ~ ~ minecraft:grindstone[face=wall] run function retina:__private__/if_else/14
execute if block ~ ~ ~ minecraft:grindstone[face=wall] run return 1
execute if block ~ ~ ~ minecraft:grindstone[facing=north] run data modify storage retina:data Surfaces set value {Top:[[0.125,0.4375,0.375,0.25,0.4375,0.625],[0.125,0.8125,0.3125,0.25,0.8125,0.6875],[0.75,0.4375,0.375,0.875,0.4375,0.625],[0.75,0.8125,0.3125,0.875,0.8125,0.6875],[0.25,1,0.125,0.75,1,0.875]],Bottom:[[0.125,0,0.375,0.25,0,0.625],[0.125,0.4375,0.3125,0.25,0.4375,0.6875],[0.75,0,0.375,0.875,0,0.625],[0.75,0.4375,0.3125,0.875,0.4375,0.6875],[0.25,0.25,0.125,0.75,0.25,0.875]],West:[[0.125,0,0.375,0.125,0.4375,0.625],[0.125,0.4375,0.3125,0.125,0.8125,0.6875],[0.75,0,0.375,0.75,0.4375,0.625],[0.75,0.4375,0.3125,0.75,0.8125,0.6875],[0.25,0.25,0.125,0.25,1,0.875]],East:[[0.25,0,0.375,0.25,0.4375,0.625],[0.25,0.4375,0.3125,0.25,0.8125,0.6875],[0.875,0,0.375,0.875,0.4375,0.625],[0.875,0.4375,0.3125,0.875,0.8125,0.6875],[0.75,0.25,0.125,0.75,1,0.875]],North:[[0.125,0,0.375,0.25,0.4375,0.375],[0.125,0.4375,0.3125,0.25,0.8125,0.3125],[0.75,0,0.375,0.875,0.4375,0.375],[0.75,0.4375,0.3125,0.875,0.8125,0.3125],[0.25,0.25,0.125,0.75,1,0.125]],South:[[0.125,0,0.625,0.25,0.4375,0.625],[0.125,0.4375,0.6875,0.25,0.8125,0.6875],[0.75,0,0.625,0.875,0.4375,0.625],[0.75,0.4375,0.6875,0.875,0.8125,0.6875],[0.25,0.25,0.875,0.75,1,0.875]]}
execute if block ~ ~ ~ minecraft:grindstone[facing=south] run data modify storage retina:data Surfaces set value {Top:[[0.125,0.4375,0.375,0.25,0.4375,0.625],[0.125,0.8125,0.3125,0.25,0.8125,0.6875],[0.75,0.4375,0.375,0.875,0.4375,0.625],[0.75,0.8125,0.3125,0.875,0.8125,0.6875],[0.25,1,0.125,0.75,1,0.875]],Bottom:[[0.125,0,0.375,0.25,0,0.625],[0.125,0.4375,0.3125,0.25,0.4375,0.6875],[0.75,0,0.375,0.875,0,0.625],[0.75,0.4375,0.3125,0.875,0.4375,0.6875],[0.25,0.25,0.125,0.75,0.25,0.875]],West:[[0.125,0,0.375,0.125,0.4375,0.625],[0.125,0.4375,0.3125,0.125,0.8125,0.6875],[0.75,0,0.375,0.75,0.4375,0.625],[0.75,0.4375,0.3125,0.75,0.8125,0.6875],[0.25,0.25,0.125,0.25,1,0.875]],East:[[0.25,0,0.375,0.25,0.4375,0.625],[0.25,0.4375,0.3125,0.25,0.8125,0.6875],[0.875,0,0.375,0.875,0.4375,0.625],[0.875,0.4375,0.3125,0.875,0.8125,0.6875],[0.75,0.25,0.125,0.75,1,0.875]],North:[[0.125,0,0.375,0.25,0.4375,0.375],[0.125,0.4375,0.3125,0.25,0.8125,0.3125],[0.75,0,0.375,0.875,0.4375,0.375],[0.75,0.4375,0.3125,0.875,0.8125,0.3125],[0.25,0.25,0.125,0.75,1,0.125]],South:[[0.125,0,0.625,0.25,0.4375,0.625],[0.125,0.4375,0.6875,0.25,0.8125,0.6875],[0.75,0,0.625,0.875,0.4375,0.625],[0.75,0.4375,0.6875,0.875,0.8125,0.6875],[0.25,0.25,0.875,0.75,1,0.875]]}
execute if block ~ ~ ~ minecraft:grindstone[facing=west] run data modify storage retina:data Surfaces set value {Top:[[0.375,0.4375,0.125,0.625,0.4375,0.25],[0.3125,0.8125,0.125,0.6875,0.8125,0.25],[0.375,0.4375,0.75,0.625,0.4375,0.875],[0.3125,0.8125,0.75,0.6875,0.8125,0.875],[0.125,1,0.25,0.875,1,0.75]],Bottom:[[0.375,0,0.125,0.625,0,0.25],[0.3125,0.4375,0.125,0.6875,0.4375,0.25],[0.375,0,0.75,0.625,0,0.875],[0.3125,0.4375,0.75,0.6875,0.4375,0.875],[0.125,0.25,0.25,0.875,0.25,0.75]],West:[[0.375,0,0.125,0.375,0.4375,0.25],[0.3125,0.4375,0.125,0.3125,0.8125,0.25],[0.375,0,0.75,0.375,0.4375,0.875],[0.3125,0.4375,0.75,0.3125,0.8125,0.875],[0.125,0.25,0.25,0.125,1,0.75]],East:[[0.625,0,0.125,0.625,0.4375,0.25],[0.6875,0.4375,0.125,0.6875,0.8125,0.25],[0.625,0,0.75,0.625,0.4375,0.875],[0.6875,0.4375,0.75,0.6875,0.8125,0.875],[0.875,0.25,0.25,0.875,1,0.75]],North:[[0.375,0,0.125,0.625,0.4375,0.125],[0.3125,0.4375,0.125,0.6875,0.8125,0.125],[0.375,0,0.75,0.625,0.4375,0.75],[0.3125,0.4375,0.75,0.6875,0.8125,0.75],[0.125,0.25,0.25,0.875,1,0.25]],South:[[0.375,0,0.25,0.625,0.4375,0.25],[0.3125,0.4375,0.25,0.6875,0.8125,0.25],[0.375,0,0.875,0.625,0.4375,0.875],[0.3125,0.4375,0.875,0.6875,0.8125,0.875],[0.125,0.25,0.75,0.875,1,0.75]]}
execute if block ~ ~ ~ minecraft:grindstone[facing=east] run data modify storage retina:data Surfaces set value {Top:[[0.375,0.4375,0.125,0.625,0.4375,0.25],[0.3125,0.8125,0.125,0.6875,0.8125,0.25],[0.375,0.4375,0.75,0.625,0.4375,0.875],[0.3125,0.8125,0.75,0.6875,0.8125,0.875],[0.125,1,0.25,0.875,1,0.75]],Bottom:[[0.375,0,0.125,0.625,0,0.25],[0.3125,0.4375,0.125,0.6875,0.4375,0.25],[0.375,0,0.75,0.625,0,0.875],[0.3125,0.4375,0.75,0.6875,0.4375,0.875],[0.125,0.25,0.25,0.875,0.25,0.75]],West:[[0.375,0,0.125,0.375,0.4375,0.25],[0.3125,0.4375,0.125,0.3125,0.8125,0.25],[0.375,0,0.75,0.375,0.4375,0.875],[0.3125,0.4375,0.75,0.3125,0.8125,0.875],[0.125,0.25,0.25,0.125,1,0.75]],East:[[0.625,0,0.125,0.625,0.4375,0.25],[0.6875,0.4375,0.125,0.6875,0.8125,0.25],[0.625,0,0.75,0.625,0.4375,0.875],[0.6875,0.4375,0.75,0.6875,0.8125,0.875],[0.875,0.25,0.25,0.875,1,0.75]],North:[[0.375,0,0.125,0.625,0.4375,0.125],[0.3125,0.4375,0.125,0.6875,0.8125,0.125],[0.375,0,0.75,0.625,0.4375,0.75],[0.3125,0.4375,0.75,0.6875,0.8125,0.75],[0.125,0.25,0.25,0.875,1,0.25]],South:[[0.375,0,0.25,0.625,0.4375,0.25],[0.3125,0.4375,0.25,0.6875,0.8125,0.25],[0.375,0,0.875,0.625,0.4375,0.875],[0.3125,0.4375,0.875,0.6875,0.8125,0.875],[0.125,0.25,0.75,0.875,1,0.75]]}